{
  "advancedEditorSelectedIdentifier" : "ProjectBrowser",
  "openSceneRelativePaths" : [
    "earth.usda"
  ],
  "recentIdentifiers" : {
    "2259F181-B13C-4315-BB37-85ADBA0ED64D" : [

    ],
    "A1390E2A-AE56-42C2-A3FA-876D442D4B53" : [

    ]
  },
  "sceneCameraHistory" : {
    "A1390E2A-AE56-42C2-A3FA-876D442D4B53" : [
      {
        "date" : 752418479.814314,
        "title" : "Untitled",
        "transform" : [
          0.47505555,
          1.1476651e-08,
          0.87995577,
          0,
          0.5680533,
          0.7637201,
          -0.30667093,
          0,
          -0.6720399,
          0.6455475,
          0.36280948,
          0,
          -1.810555,
          2.2408893,
          0.80029845,
          1
        ]
      },
      {
        "date" : 752418464.848695,
        "title" : "Untitled",
        "transform" : [
          0.47505555,
          1.1476651e-08,
          0.87995577,
          0,
          0.5680533,
          0.7637201,
          -0.30667093,
          0,
          -0.6720399,
          0.6455475,
          0.36280948,
          0,
          -2.2704668,
          1.6225629,
          1.0485835,
          1
        ]
      },
      {
        "date" : 752418286.29711,
        "title" : "Untitled",
        "transform" : [
          0.8869097,
          9.751215e-09,
          -0.46194267,
          0,
          -0.22783256,
          0.8699129,
          -0.43742853,
          0,
          0.40184993,
          0.49320525,
          0.77153426,
          0,
          1.1334758,
          1.1330684,
          2.5136917,
          1
        ]
      },
      {
        "date" : 752418253.628569,
        "title" : "Untitled",
        "transform" : [
          0.8869097,
          3.9255212e-09,
          -0.46194267,
          0,
          -0.22783262,
          0.869913,
          -0.43742853,
          0,
          0.40184993,
          0.49320525,
          0.77153426,
          0,
          1.0393045,
          1.2755768,
          1.9954191,
          1
        ]
      },
      {
        "date" : 752418250.223621,
        "title" : "Untitled",
        "transform" : [
          0.9823698,
          1.9909585e-09,
          -0.18694776,
          0,
          -0.0711785,
          0.9246822,
          -0.37402728,
          0,
          0.1728673,
          0.3807398,
          0.90837985,
          0,
          0.44708663,
          0.98470753,
          2.3493428,
          1
        ]
      }
    ],
    "AF09ED6F-1707-48FD-8720-65B998362C09" : [
      {
        "date" : 752417742.250995,
        "title" : "Untitled",
        "transform" : [
          1,
          0,
          -0,
          0,
          -0,
          0.7071069,
          -0.7071067,
          0,
          0,
          0.7071067,
          0.7071069,
          0,
          0,
          2.5484416,
          0.99844235,
          1
        ]
      },
      {
        "date" : 752417739.601043,
        "title" : "Untitled",
        "transform" : [
          1,
          0,
          -0,
          0,
          -0,
          0.7071069,
          -0.7071067,
          0,
          0,
          0.7071067,
          0.7071069,
          0,
          0,
          0.10748172,
          0.10748112,
          1
        ]
      },
      {
        "date" : 752417736.011498,
        "title" : "Untitled",
        "transform" : [
          1,
          0,
          -0,
          0,
          -0,
          0.7071069,
          -0.7071067,
          0,
          0,
          0.7071067,
          0.7071069,
          0,
          0.5,
          1.7149628,
          -1.2850374,
          1
        ]
      },
      {
        "date" : 752417732.330153,
        "title" : "Untitled",
        "transform" : [
          1,
          0,
          -0,
          0,
          -0,
          0.7071069,
          -0.7071067,
          0,
          0,
          0.7071067,
          0.7071069,
          0,
          -0.50000024,
          1.7149628,
          -1.285037,
          1
        ]
      }
    ],
    "F0CC63BA-DFDA-4F06-8902-DCD10AD86AB2" : [
      {
        "date" : 752417777.811408,
        "title" : "Untitled",
        "transform" : [
          1,
          0,
          -0,
          0,
          -0,
          0.7071069,
          -0.7071067,
          0,
          0,
          0.7071067,
          0.7071069,
          0,
          0,
          0.10748112,
          0.10748124,
          1
        ]
      }
    ]
  },
  "sceneViewportBackgroundColors" : {

  },
  "selectedSceneRelativePath" : "earth.usda"
}